# Locations
0  42.34691351142866      -71.10562925233825
1  42.342033273127626     -71.07473046395455
2  42.34001692270477      -71.10978126555831
3  42.33609781693712      -71.10714154322386
4  42.36283517395258      -71.06458072809959
5  42.3297710672528       -71.10758540430862
6  42.4068463729504       -71.05247479104517
7  42.34909105016819      -71.14802286058814
8  42.34986660659632      -71.06269020543145
9  42.301602580578006     -71.12821736198107
10 42.27819911951834      -71.0659457331471
11 42.340250090074306     -71.1081906853332
12 42.29235787940945      -71.2364995527848
13 42.29983476283697      -71.10190566013377
14 42.33944597833741      -71.1081433440263
15 41.69433277510808      -70.27497236381713
16 42.22941830697646      -70.9423917530487
17 42.39050344375065      -71.16175568591886
18 42.420924094221135     -71.0738650667608
19 42.4634882211043       -71.03266633903046
20 42.395610767785904     -71.26355354848147
21 42.32757850997844      -71.1101748582847
22 42.33540129091981      -71.0713325159549
23 42.34825229001327      -71.07607077731967
24 42.34575705094308      -71.10062398896633
25 42.35747867483527      -71.05428409081304
26 42.29641308805788      -71.15876973499343
27 42.34443537714866      -71.09888647362504
28 42.36149575806245      -71.06890843314214
29 42.27315490180414      -71.08178411965343
30 42.30466188509484      -71.05928381780413
31 42.30605169840077      -71.06789201965145
32 42.338654247951446     -71.07491131964953
33 42.37496058239374      -71.10439287547058
34 42.3313011484907       -71.24524577547328
35 42.32043676081271      -71.09712727891127
36 42.34958476653377      -71.06369291964889
37 42.48471420122089      -71.20404325580758
38 42.37504202991678      -71.13425667345842
39 42.47456671074063      -71.12305612235473
40 42.51209875029616      -70.90620702684207
41 42.814380285980135     -70.89121574906963
42 42.316056334212526     -71.11241689510165
43 42.350895034564786     -71.1211009183787
44 42.705323682233725     -71.01122955092104
45 42.505097365906224     -71.27340327790354
46 42.567058356603205     -70.87643938122633
47 42.29846903884787      -71.14936582033377
48 41.94772493333512      -70.95182329140411
49 42.377477076475195     -71.1043142321265
50 42.336735192154414     -71.07109192217648
51 42.452122153477895     -71.37612724914862
52 42.46386404764529      -71.16207780200833
53 42.982346269861914     -70.93555437982961
54 42.35016934301335      -71.14228500680177
55 43.29812796809459      -70.96044850680796
56 42.09860022930215      -71.06167808662434
57 42.87188809556474      -71.15391633750525
58 42.19781121338625      -71.01835526632279
59 42.2967843875299       -71.13110724914779
60 42.73309667173777      -71.16746489603366
61 42.77050371716546      -71.0439249545118
62 42.71017803691825      -71.15022672215834
63 42.36378822286664      -71.06868428663492
64 42.39447204599808      -71.19057681845796
65 42.460387593894545     -71.06105620868028
66 42.28529670761104      -71.41889979518626
67 42.57745251011135      -71.57390287985876
68 42.143618991219974     -71.09793804731609
69 42.59905100513363      -71.27888609594221
70 42.20074952121371      -71.20085777795188
71 42.100834232034586     -71.08180380683093
72 42.1760702178054       -71.12523593565064
73 42.8774224422665       -71.31639946264534
74 42.09790618754305      -70.76446536830444
75 43.064972565626015     -70.7902797491252
76 42.110694360513605     -70.993212957012
77 42.37550388334168      -71.10701359826281
78 42.607236320858895     -71.21776219201513
79 42.281695895270346     -71.79374111946511
80 43.213098650410835     -70.87355692528978


# Edges
0  1     1.61  
1  2     1.79  
2  3     0.30  
3  4     2.85  
4  5     3.16  
5  6     6.02  
6  7     6.30  
7  8     4.35  
8  9     4.72  
9  10    3.57  
10 11    4.80  
11 12    7.34  
12 13    6.89  
13 14    2.75  
14 15    61.77 
15 16    50.42 
16 17    15.79 
17 18    4.95  
18 19    3.61  
19 20    12.6  
20 21    9.13  
21 22    2.05  
22 23    0.92   
23 24    1.26  
24 25    2.50  
25 26    6.80  
26 27    4.51  
27 28    1.93  
28 29    6.13  
29 30    2.46  
30 31    0.45   
31 32    2.28  
32 33    2.92  
33 34    7.79  
34 35    7.60  
35 36    2.64  
36 37    11.76 
37 38    8.37  
38 39    6.90  
39 40    11.34 
40 41    20.89 
41 42    36.22 
42 43    2.44  
43 44    25.11 
44 45    19.21 
45 46    20.65 
46 47    23.19 
47 48    26.26 
48 49    30.70 
49 50    3.28  
50 51    17.48 
51 52    10.94 
52 53    37.62 
53 54    44.92 
54 55    66.14 
55 56    83.03 
56 57    53.63 
57 58    47.08 
58 59    8.94  
59 60    30.20 
60 61    6.77  
61 62    6.81  
62 63    24.29 
63 64    6.57  
64 65    8.02  
65 66    21.90 
66 67    21.67 
67 68    38.58 
68 69    32.79 
69 70    27.80 
70 71    9.21  
71 72    5.65  
72 73    49.42 
73 74    60.75 
74 75    66.83 
75 76    66.73 
76 77    19.20 
77 78    16.97 
78 79    36.99 
79 80    79.50 
80 0     60.99 
